-0.701049 0.320565 -0.637000 0.713112 0.313367 -0.627114 -0.001416 -0.893890 -0.448283 -0.001545 0.018575 0.561457
-0.700003 0.321870 -0.637491 0.714134 0.312194 -0.626536 -0.002642 -0.893831 -0.448395 -0.001885 0.018654 0.561644
-0.698583 0.324062 -0.637937 0.715506 0.309329 -0.626392 -0.005657 -0.894035 -0.447961 -0.002257 0.018873 0.561914
-0.697073 0.328462 -0.637342 0.716917 0.305696 -0.626562 -0.010968 -0.893680 -0.448571 -0.002052 0.018932 0.562151
-0.694719 0.333901 -0.637083 0.719060 0.300414 -0.626662 -0.017854 -0.893455 -0.448798 -0.002029 0.019036 0.562534
-0.692382 0.340252 -0.636266 0.721036 0.293624 -0.627608 -0.026722 -0.893316 -0.448635 -0.001503 0.019491 0.563062
-0.688739 0.348546 -0.635731 0.724049 0.285529 -0.627874 -0.037324 -0.892742 -0.449019 -0.001356 0.019659 0.563637
-0.684197 0.357947 -0.635412 0.727627 0.276111 -0.627951 -0.049330 -0.891984 -0.449365 -0.001435 0.019743 0.564307
-0.679101 0.368650 -0.634759 0.731306 0.265144 -0.628403 -0.063359 -0.890952 -0.449656 -0.001129 0.020181 0.565229
-0.672881 0.380285 -0.634519 0.735539 0.252540 -0.628654 -0.078826 -0.889723 -0.449644 -0.001277 0.020608 0.566196
-0.665881 0.393877 -0.633612 0.739809 0.238917 -0.628967 -0.096354 -0.887569 -0.450483 -0.000956 0.020858 0.567264
-0.657960 0.408300 -0.632756 0.744162 0.223795 -0.629396 -0.115374 -0.884990 -0.451089 -0.000571 0.021107 0.568375
-0.648886 0.424064 -0.631756 0.748576 0.207046 -0.629894 -0.136313 -0.881647 -0.451792 -0.000152 0.021394 0.569649
-0.638485 0.440658 -0.630998 0.753097 0.188664 -0.630279 -0.158691 -0.877625 -0.452317 0.000278 0.021664 0.570984
-0.626537 0.458367 -0.630358 0.757765 0.169041 -0.630252 -0.182331 -0.872539 -0.453245 0.000642 0.021882 0.572568
-0.613713 0.476853 -0.629260 0.761639 0.147608 -0.630965 -0.207994 -0.866501 -0.453779 0.001553 0.022059 0.574184
-0.598875 0.496051 -0.628715 0.765628 0.124395 -0.631141 -0.234869 -0.859337 -0.454286 0.002010 0.022206 0.575865
-0.582610 0.516265 -0.627723 0.769018 0.100223 -0.631321 -0.263016 -0.850544 -0.455408 0.003011 0.022119 0.577662
-0.564694 0.536733 -0.626927 0.771665 0.074000 -0.631711 -0.292668 -0.840500 -0.455966 0.004154 0.022189 0.579722
-0.545553 0.557677 -0.625594 0.773182 0.046906 -0.632447 -0.323358 -0.828731 -0.456776 0.005486 0.021854 0.581811
-0.525372 0.577405 -0.624969 0.774395 0.020136 -0.632382 -0.352556 -0.816209 -0.457720 0.006423 0.021390 0.583732
-0.505740 0.596076 -0.623634 0.774033 -0.005663 -0.633121 -0.380921 -0.802907 -0.458518 0.008028 0.020727 0.585642
-0.486867 0.612848 -0.622397 0.772363 -0.030731 -0.634437 -0.407941 -0.789603 -0.458378 0.010187 0.020344 0.587523
-0.467819 0.628261 -0.621636 0.771438 -0.052978 -0.634095 -0.431311 -0.776196 -0.459880 0.011276 0.019561 0.589347
-0.449455 0.641956 -0.621195 0.769751 -0.074546 -0.633977 -0.453292 -0.763109 -0.460641 0.012148 0.018777 0.590963
-0.431865 0.654221 -0.620877 0.767708 -0.094685 -0.633766 -0.473411 -0.750353 -0.461360 0.012971 0.018093 0.592696
-0.415302 0.665047 -0.620674 0.765371 -0.113312 -0.633535 -0.491660 -0.738156 -0.461949 0.013873 0.017411 0.594296
-0.399690 0.674802 -0.620397 0.763072 -0.130075 -0.633090 -0.507908 -0.726447 -0.462933 0.014368 0.016480 0.595662
-0.385389 0.683654 -0.619751 0.760248 -0.145404 -0.633153 -0.522972 -0.715174 -0.463709 0.015372 0.015376 0.596786
-0.372147 0.691159 -0.619522 0.757646 -0.159366 -0.632911 -0.536172 -0.704913 -0.464346 0.015945 0.014793 0.598096
-0.360166 0.697427 -0.619578 0.754940 -0.172266 -0.632763 -0.548039 -0.695644 -0.464472 0.016655 0.014269 0.599155
-0.349269 0.703265 -0.619217 0.752845 -0.182836 -0.632293 -0.557884 -0.687015 -0.465591 0.016826 0.013393 0.600056
-0.339922 0.708101 -0.618907 0.750470 -0.192381 -0.632285 -0.566788 -0.679399 -0.466014 0.017377 0.012790 0.600929
-0.331800 0.711841 -0.619024 0.748362 -0.200890 -0.632138 -0.574337 -0.672998 -0.466059 0.017765 0.012422 0.601705
-0.325686 0.715145 -0.618463 0.746355 -0.207098 -0.632506 -0.580416 -0.667592 -0.466303 0.018380 0.011879 0.602126
-0.320283 0.717654 -0.618377 0.744872 -0.212532 -0.632452 -0.585308 -0.663176 -0.466490 0.018658 0.011496 0.602523
-0.316209 0.719410 -0.618434 0.744084 -0.216320 -0.632096 -0.588515 -0.660042 -0.466901 0.018369 0.011234 0.602947
-0.313895 0.720551 -0.618285 0.743370 -0.218597 -0.632152 -0.590653 -0.658043 -0.467019 0.018571 0.011021 0.603163
-0.312739 0.720994 -0.618353 0.742862 -0.220021 -0.632255 -0.591903 -0.657083 -0.466791 0.018715 0.010880 0.603157
-0.312354 0.721260 -0.618237 0.742899 -0.220147 -0.632169 -0.592062 -0.656749 -0.467060 0.018506 0.010765 0.603149
-0.312021 0.721218 -0.618456 0.743280 -0.220145 -0.631721 -0.591759 -0.656796 -0.467377 0.018401 0.010726 0.603156
