0.713038 0.306095 -0.630780 0.701107 -0.317889 0.638276 -0.005146 -0.897359 -0.441272 -0.000914 0.018526 0.561542
0.713605 0.304969 -0.630684 0.700520 -0.318695 0.638517 -0.006266 -0.897456 -0.441059 -0.001160 0.018651 0.561659
0.714901 0.303399 -0.629974 0.699177 -0.320983 0.638845 -0.008386 -0.897173 -0.441600 -0.001570 0.018742 0.561997
0.716015 0.299973 -0.630348 0.697970 -0.324008 0.638636 -0.012664 -0.897238 -0.441365 -0.001562 0.018933 0.562213
0.717894 0.295409 -0.630368 0.695898 -0.329041 0.638324 -0.018850 -0.896920 -0.441791 -0.001470 0.018989 0.562523
0.719982 0.289355 -0.630794 0.693486 -0.334703 0.638006 -0.026518 -0.896799 -0.441643 -0.001246 0.019305 0.562947
0.722248 0.281992 -0.631537 0.690666 -0.342349 0.637006 -0.036576 -0.896256 -0.442024 -0.000810 0.019505 0.563512
0.725403 0.273203 -0.631783 0.686647 -0.351245 0.636507 -0.048015 -0.895537 -0.442389 -0.000779 0.019685 0.564134
0.729097 0.263033 -0.631847 0.681701 -0.361159 0.636277 -0.060835 -0.894639 -0.442629 -0.000820 0.019901 0.564928
0.732900 0.251135 -0.632289 0.676094 -0.372481 0.635732 -0.075861 -0.893415 -0.442782 -0.000576 0.020484 0.565962
0.737092 0.237968 -0.632509 0.669441 -0.385137 0.635231 -0.092438 -0.891651 -0.443186 -0.000596 0.020716 0.566908
0.740968 0.223642 -0.633206 0.662289 -0.399334 0.633961 -0.111080 -0.889111 -0.444010 0.000031 0.020887 0.567942
0.745602 0.207497 -0.633263 0.653424 -0.414201 0.633621 -0.130823 -0.886218 -0.444413 0.000077 0.021166 0.569181
0.749708 0.190113 -0.633874 0.643946 -0.430385 0.632537 -0.152555 -0.882398 -0.445086 0.000669 0.021477 0.570484
0.754217 0.170942 -0.633984 0.632708 -0.447411 0.632063 -0.175607 -0.877839 -0.445602 0.000959 0.021751 0.571956
0.758008 0.150576 -0.634626 0.620595 -0.465912 0.630702 -0.200711 -0.871924 -0.446613 0.001817 0.021826 0.573498
0.762174 0.128477 -0.634495 0.606448 -0.484648 0.630348 -0.226521 -0.865223 -0.447301 0.002246 0.022085 0.575278
0.765369 0.104635 -0.635030 0.591087 -0.504634 0.629255 -0.254616 -0.856969 -0.448080 0.003133 0.021961 0.576972
0.767899 0.079696 -0.635592 0.574382 -0.524918 0.628129 -0.283574 -0.847413 -0.448861 0.004169 0.021976 0.578894
0.769858 0.053052 -0.636007 0.555672 -0.545897 0.627077 -0.313927 -0.836170 -0.449743 0.005463 0.021854 0.581033
0.771031 0.025936 -0.636270 0.535812 -0.566360 0.626212 -0.344116 -0.823751 -0.450578 0.006579 0.021339 0.583048
0.771234 -0.000091 -0.636551 0.515951 -0.585594 0.625200 -0.372817 -0.810604 -0.451583 0.007736 0.020778 0.585022
0.769879 -0.025385 -0.637686 0.496858 -0.603254 0.623871 -0.400523 -0.797144 -0.451821 0.009789 0.020321 0.586912
0.768013 -0.049237 -0.638539 0.478039 -0.619422 0.622731 -0.426186 -0.783512 -0.452187 0.011563 0.019660 0.588721
0.766662 -0.070892 -0.638125 0.459345 -0.633848 0.622285 -0.448590 -0.770202 -0.453383 0.012174 0.018801 0.590414
0.764679 -0.091655 -0.637860 0.441387 -0.646692 0.622066 -0.469515 -0.757223 -0.454057 0.013202 0.018054 0.592060
0.762444 -0.110850 -0.637488 0.424224 -0.658287 0.621845 -0.488583 -0.744560 -0.454882 0.013920 0.017452 0.593827
0.759857 -0.128348 -0.637293 0.408179 -0.668796 0.621372 -0.505972 -0.732283 -0.455801 0.014657 0.016590 0.595294
0.756845 -0.144234 -0.637481 0.393675 -0.677972 0.620784 -0.521733 -0.720798 -0.456340 0.015590 0.015458 0.596431
0.754447 -0.158639 -0.636902 0.379594 -0.686160 0.620558 -0.535461 -0.709942 -0.457454 0.016004 0.014596 0.597701
0.751271 -0.172145 -0.637148 0.367439 -0.692846 0.620446 -0.548252 -0.700237 -0.457262 0.017049 0.014154 0.598832
0.749123 -0.183633 -0.636469 0.355683 -0.699057 0.620329 -0.558841 -0.691085 -0.458366 0.017172 0.013427 0.599907
0.746353 -0.193756 -0.636722 0.345983 -0.704308 0.619877 -0.568553 -0.682941 -0.458627 0.017836 0.012676 0.600651
0.744444 -0.202662 -0.636185 0.337044 -0.708450 0.620082 -0.576372 -0.676037 -0.459095 0.018103 0.012248 0.601538
0.742206 -0.209823 -0.636478 0.330066 -0.712103 0.619648 -0.583255 -0.669986 -0.459272 0.018657 0.011721 0.602138
0.740313 -0.215579 -0.636759 0.324361 -0.715101 0.619211 -0.588837 -0.664949 -0.459472 0.019216 0.011165 0.602519
0.739240 -0.219887 -0.636532 0.319546 -0.717483 0.618959 -0.592802 -0.660959 -0.460128 0.019089 0.010769 0.602996
0.738759 -0.223172 -0.635948 0.316098 -0.718637 0.619391 -0.595246 -0.658601 -0.460355 0.018936 0.010726 0.603348
0.737909 -0.224838 -0.636347 0.314735 -0.719431 0.619161 -0.597018 -0.657166 -0.460111 0.019264 0.010508 0.603385
0.737989 -0.225427 -0.636047 0.313706 -0.719905 0.619132 -0.597463 -0.656444 -0.460564 0.019099 0.010323 0.603404
0.737860 -0.225497 -0.636171 0.313738 -0.719940 0.619077 -0.597605 -0.656382 -0.460468 0.018996 0.010275 0.603374
