0.722142 0.204195 -0.660920 0.691640 -0.196464 0.695008 0.012071 -0.959013 -0.283104 -0.003385 0.057182 0.549504
0.722143 0.203313 -0.661192 0.691640 -0.195654 0.695236 0.011986 -0.959367 -0.281909 -0.003431 0.057944 0.549493
0.722329 0.205217 -0.660399 0.691443 -0.197487 0.694915 0.012188 -0.958584 -0.284548 -0.003561 0.058669 0.549468
0.722169 0.212849 -0.658155 0.691602 -0.204793 0.692639 0.012643 -0.955382 -0.295102 -0.003436 0.057692 0.550122
0.721877 0.224860 -0.654469 0.691910 -0.217659 0.688393 0.012340 -0.949770 -0.312707 -0.003141 0.055089 0.550910
0.722116 0.240964 -0.648447 0.691656 -0.234376 0.683139 0.012632 -0.941810 -0.335911 -0.003008 0.050321 0.551875
0.721980 0.256325 -0.642683 0.691793 -0.250068 0.677412 0.012922 -0.933683 -0.357869 -0.002823 0.046428 0.553278
0.721658 0.271550 -0.636765 0.692129 -0.265905 0.671008 0.012893 -0.924962 -0.379840 -0.002593 0.042138 0.554980
0.721876 0.285911 -0.630199 0.691893 -0.280575 0.665253 0.013386 -0.916260 -0.400359 -0.002495 0.037957 0.556958
0.721579 0.300618 -0.623661 0.692201 -0.295754 0.658321 0.013453 -0.906730 -0.421497 -0.002254 0.033614 0.559452
0.721551 0.315144 -0.616480 0.692235 -0.311382 0.651039 0.013209 -0.896508 -0.442832 -0.002196 0.028901 0.561716
0.721698 0.329119 -0.608960 0.692066 -0.325367 0.644344 0.013930 -0.886463 -0.462589 -0.002242 0.024419 0.563554
0.721984 0.342931 -0.600947 0.691777 -0.340759 0.636654 0.013550 -0.875375 -0.483256 -0.002292 0.020150 0.565396
0.722149 0.356693 -0.592680 0.691598 -0.355074 0.628980 0.013908 -0.864114 -0.503104 -0.002296 0.016039 0.566698
0.722109 0.370097 -0.584452 0.691639 -0.369324 0.620671 0.013856 -0.852424 -0.522667 -0.002244 0.012401 0.567368
0.722159 0.383341 -0.575793 0.691581 -0.383065 0.612352 0.014174 -0.840423 -0.541746 -0.002189 0.009261 0.567974
0.722254 0.396576 -0.566636 0.691485 -0.397448 0.603227 0.014017 -0.827504 -0.561285 -0.002255 0.006126 0.568469
0.722403 0.409377 -0.557266 0.691322 -0.410740 0.594446 0.014462 -0.814680 -0.579731 -0.002357 0.003405 0.568702
0.722337 0.421980 -0.547870 0.691393 -0.424352 0.584722 0.014252 -0.801161 -0.598279 -0.002382 0.000921 0.569155
0.722320 0.434265 -0.538207 0.691412 -0.437437 0.574976 0.014260 -0.787440 -0.616225 -0.002334 -0.001617 0.570145
0.722283 0.446496 -0.528157 0.691457 -0.450758 0.564540 0.013994 -0.772955 -0.634307 -0.002320 -0.004528 0.571499
0.722118 0.458385 -0.518102 0.691634 -0.463576 0.553840 0.013692 -0.758275 -0.651792 -0.002218 -0.007550 0.573089
0.722415 0.470167 -0.507012 0.691317 -0.476210 0.543420 0.014053 -0.743081 -0.669055 -0.002283 -0.010507 0.575130
0.722554 0.481994 -0.495579 0.691170 -0.488931 0.532196 0.014212 -0.727068 -0.686418 -0.002400 -0.013728 0.577046
0.722437 0.493523 -0.484273 0.691300 -0.501592 0.520106 0.013777 -0.710522 -0.703541 -0.002506 -0.016305 0.578614
0.722422 0.504685 -0.472651 0.691304 -0.513019 0.508833 0.014321 -0.694338 -0.719507 -0.002599 -0.017747 0.579798
0.722726 0.515951 -0.459850 0.690987 -0.525672 0.496191 0.014281 -0.676360 -0.736432 -0.002688 -0.019014 0.580149
0.722447 0.527204 -0.447356 0.691290 -0.537860 0.482520 0.013772 -0.657848 -0.753025 -0.002614 -0.019633 0.580012
0.722414 0.537799 -0.434615 0.691324 -0.549292 0.469412 0.013717 -0.639570 -0.768611 -0.002750 -0.019640 0.580218
0.722592 0.547400 -0.422154 0.691131 -0.559631 0.457332 0.014093 -0.622228 -0.782710 -0.002873 -0.018815 0.581473
0.722490 0.557561 -0.408820 0.691250 -0.571003 0.442866 0.013487 -0.602563 -0.797958 -0.002905 -0.019154 0.582702
0.722571 0.567229 -0.395150 0.691154 -0.581159 0.429606 0.014040 -0.583529 -0.811971 -0.002953 -0.020029 0.584383
0.722421 0.577058 -0.380936 0.691323 -0.592089 0.414130 0.013429 -0.562525 -0.826671 -0.003000 -0.021797 0.586735
0.722386 0.586269 -0.366668 0.691366 -0.602307 0.399049 0.013103 -0.541769 -0.840425 -0.002949 -0.023998 0.589804
0.722347 0.595123 -0.352199 0.691409 -0.611951 0.384018 0.013010 -0.520907 -0.853514 -0.002939 -0.027037 0.592727
0.722304 0.603737 -0.337314 0.691474 -0.622085 0.367251 0.011885 -0.498510 -0.866803 -0.002860 -0.029611 0.595357
0.722124 0.611478 -0.323469 0.691647 -0.629610 0.353860 0.012719 -0.479257 -0.877583 -0.002939 -0.030939 0.597318
0.722134 0.618207 -0.310391 0.691634 -0.636912 0.340568 0.012850 -0.460613 -0.887509 -0.003047 -0.030030 0.598002
0.722059 0.624480 -0.297752 0.691729 -0.644241 0.326291 0.011939 -0.441564 -0.897150 -0.003072 -0.028413 0.597446
0.722096 0.629975 -0.285847 0.691687 -0.650232 0.314273 0.012116 -0.424652 -0.905276 -0.003205 -0.025732 0.597048
0.722215 0.635347 -0.273386 0.691563 -0.656389 0.301486 0.012100 -0.406802 -0.913436 -0.003259 -0.023360 0.596473
0.722131 0.640590 -0.261096 0.691675 -0.662812 0.286820 0.010676 -0.387715 -0.921718 -0.003250 -0.021309 0.595658
0.722169 0.645383 -0.248903 0.691632 -0.668090 0.274410 0.010811 -0.370319 -0.928841 -0.003286 -0.019107 0.595643
0.722317 0.649985 -0.236172 0.691471 -0.673264 0.261881 0.011212 -0.352468 -0.935757 -0.003369 -0.017460 0.595588
0.722154 0.654441 -0.224055 0.691651 -0.678133 0.248507 0.010693 -0.334427 -0.942360 -0.003304 -0.015778 0.595929
0.722248 0.658569 -0.211290 0.691549 -0.682832 0.235585 0.010873 -0.316269 -0.948607 -0.003281 -0.014846 0.596380
0.721823 0.662725 -0.199415 0.692003 -0.686886 0.222079 0.010203 -0.298298 -0.954418 -0.003222 -0.013459 0.597003
0.722711 0.665881 -0.185180 0.691058 -0.691820 0.209342 0.011285 -0.279264 -0.960148 -0.003562 -0.012656 0.597068
0.723272 0.669024 -0.171124 0.690452 -0.696184 0.196477 0.012314 -0.260260 -0.965461 -0.003847 -0.012277 0.597620
0.723033 0.672419 -0.158351 0.690716 -0.699820 0.182107 0.011635 -0.241045 -0.970444 -0.003875 -0.012217 0.598394
0.722881 0.675516 -0.145331 0.690875 -0.703069 0.168482 0.011633 -0.222198 -0.974932 -0.004000 -0.012272 0.599335
0.722641 0.678331 -0.132879 0.691121 -0.705760 0.155738 0.011862 -0.204379 -0.978819 -0.003923 -0.012343 0.600856
0.722983 0.680469 -0.119403 0.690763 -0.709015 0.141935 0.011924 -0.185096 -0.982648 -0.003994 -0.013073 0.601832
0.723171 0.682482 -0.106032 0.690568 -0.711856 0.127977 0.011862 -0.165771 -0.986093 -0.004030 -0.013799 0.603032
0.723222 0.684346 -0.092842 0.690517 -0.714285 0.113942 0.011659 -0.146514 -0.989140 -0.003880 -0.015219 0.604086
0.723213 0.685956 -0.080167 0.690532 -0.716327 0.100208 0.011312 -0.127830 -0.991732 -0.003683 -0.016224 0.605443
0.723239 0.687336 -0.067037 0.690502 -0.718116 0.086691 0.011445 -0.108987 -0.993977 -0.003711 -0.017967 0.606909
0.723284 0.688506 -0.053103 0.690450 -0.719722 0.072667 0.011812 -0.089224 -0.995941 -0.003766 -0.020122 0.608077
0.723289 0.689385 -0.040024 0.690449 -0.721002 0.058613 0.011549 -0.070029 -0.997478 -0.003696 -0.022394 0.609425
0.723608 0.689700 -0.026568 0.690112 -0.722315 0.044802 0.011709 -0.050754 -0.998643 -0.003812 -0.024775 0.610623
0.723571 0.690118 -0.013533 0.690155 -0.723004 0.030842 0.011500 -0.031656 -0.999433 -0.003529 -0.027392 0.611850
0.723742 0.690070 -0.001534 0.689968 -0.723595 0.018819 0.011877 -0.014678 -0.999822 -0.003490 -0.030317 0.613142
0.724001 0.689762 0.007191 0.689701 -0.724033 0.009372 0.011670 -0.001825 -0.999930 -0.003520 -0.032794 0.612658
0.724078 0.689635 0.010731 0.689621 -0.724149 0.005612 0.011641 0.003336 -0.999927 -0.003517 -0.033874 0.613268
