-0.691448 0.200042 -0.694179 0.722229 0.213860 -0.657759 0.016879 -0.956162 -0.292349 -0.003972 0.058014 0.549275
-0.691567 0.207047 -0.692001 0.722113 0.220680 -0.655632 0.016964 -0.953117 -0.302126 -0.003808 0.057052 0.549836
-0.691772 0.219629 -0.687906 0.721912 0.232941 -0.651598 0.017132 -0.947365 -0.319696 -0.003605 0.054694 0.550634
-0.691660 0.235528 -0.682740 0.722011 0.248415 -0.645747 0.017511 -0.939583 -0.341872 -0.003450 0.050021 0.551536
-0.691685 0.251303 -0.677067 0.721983 0.263573 -0.639741 0.017687 -0.931330 -0.363747 -0.003288 0.046164 0.552848
-0.691882 0.267175 -0.670758 0.721792 0.278852 -0.633450 0.017800 -0.922421 -0.385777 -0.003079 0.041874 0.554467
-0.691855 0.282306 -0.664559 0.721810 0.293455 -0.626798 0.018069 -0.913339 -0.406799 -0.002939 0.037640 0.556521
-0.691956 0.297337 -0.657865 0.721707 0.307958 -0.619919 0.018269 -0.903743 -0.427684 -0.002736 0.033302 0.558950
-0.692133 0.312566 -0.650580 0.721539 0.322461 -0.612701 0.018277 -0.893488 -0.448714 -0.002659 0.028652 0.561254
-0.692099 0.327344 -0.643307 0.721564 0.336699 -0.604962 0.018570 -0.882881 -0.469229 -0.002616 0.024086 0.563179
-0.692035 0.341960 -0.635729 0.721627 0.350280 -0.597125 0.018489 -0.871991 -0.489173 -0.002587 0.019873 0.565042
-0.691889 0.356106 -0.628075 0.721756 0.363912 -0.588757 0.018904 -0.860673 -0.508808 -0.002607 0.015810 0.566301
-0.691679 0.370285 -0.620056 0.721949 0.377380 -0.579978 0.019239 -0.848808 -0.528352 -0.002605 0.012078 0.566971
-0.691691 0.384270 -0.611474 0.721939 0.390375 -0.571324 0.019161 -0.836628 -0.547437 -0.002555 0.008927 0.567632
-0.691617 0.398414 -0.602438 0.722013 0.403364 -0.562133 0.019041 -0.823750 -0.566634 -0.002637 0.005833 0.568187
-0.691690 0.412545 -0.592766 0.721950 0.416314 -0.552693 0.018766 -0.810241 -0.585798 -0.002689 0.002998 0.568395
-0.691570 0.426086 -0.583251 0.722062 0.428967 -0.542783 0.018924 -0.796516 -0.604321 -0.002742 0.000383 0.568897
-0.691367 0.438803 -0.573991 0.722252 0.440745 -0.533005 0.019099 -0.783068 -0.621642 -0.002773 -0.002001 0.569675
-0.691317 0.450833 -0.564651 0.722288 0.452333 -0.523159 0.019553 -0.769509 -0.638337 -0.002794 -0.004717 0.570936
-0.691294 0.464612 -0.553396 0.722319 0.464616 -0.512235 0.019125 -0.753835 -0.656785 -0.002750 -0.007827 0.572507
-0.691349 0.476962 -0.542719 0.722269 0.476119 -0.501637 0.019137 -0.738795 -0.673658 -0.002698 -0.010846 0.574566
-0.691016 0.489661 -0.531721 0.722579 0.487646 -0.489981 0.019367 -0.722795 -0.690791 -0.002847 -0.013967 0.576495
-0.691099 0.501864 -0.520111 0.722503 0.498928 -0.478604 0.019304 -0.706545 -0.707405 -0.003010 -0.016565 0.578075
-0.690838 0.513796 -0.508680 0.722737 0.510023 -0.466399 0.019806 -0.689848 -0.723683 -0.003151 -0.018198 0.579158
-0.691177 0.526396 -0.495158 0.722435 0.521301 -0.454238 0.019017 -0.671679 -0.740598 -0.003046 -0.019434 0.579772
-0.691240 0.538499 -0.481877 0.722377 0.532401 -0.441274 0.018927 -0.653123 -0.757015 -0.003074 -0.020069 0.579539
-0.691079 0.549948 -0.469007 0.722533 0.542591 -0.428417 0.018872 -0.634942 -0.772330 -0.003223 -0.019980 0.579721
-0.691307 0.560458 -0.456050 0.722316 0.552481 -0.415962 0.018830 -0.616970 -0.786761 -0.003240 -0.019339 0.581042
-0.691137 0.571587 -0.442288 0.722482 0.562250 -0.402361 0.018691 -0.597631 -0.801553 -0.003399 -0.019508 0.582141
-0.690975 0.582173 -0.428520 0.722627 0.571926 -0.388211 0.019075 -0.577904 -0.815882 -0.003450 -0.020387 0.583716
-0.691326 0.593020 -0.412791 0.722317 0.581511 -0.374304 0.018072 -0.556931 -0.830362 -0.003400 -0.022034 0.586082
-0.691245 0.602986 -0.398232 0.722392 0.590458 -0.359874 0.018140 -0.536440 -0.843743 -0.003413 -0.024173 0.589113
-0.691299 0.612302 -0.383654 0.722335 0.599109 -0.345400 0.018363 -0.515901 -0.856452 -0.003385 -0.027124 0.592193
-0.691202 0.621523 -0.368713 0.722427 0.607278 -0.330625 0.018420 -0.494897 -0.868756 -0.003380 -0.029590 0.595014
-0.691560 0.631122 -0.351325 0.722123 0.615400 -0.315944 0.016805 -0.472195 -0.881334 -0.003380 -0.031376 0.596604
-0.691609 0.637775 -0.338997 0.722056 0.622006 -0.302894 0.017679 -0.454259 -0.890694 -0.003452 -0.030752 0.597517
-0.691651 0.645582 -0.323794 0.722050 0.628154 -0.289943 0.016211 -0.434334 -0.900606 -0.003456 -0.029230 0.596874
-0.691637 0.651446 -0.311859 0.722061 0.633437 -0.278183 0.016320 -0.417582 -0.908493 -0.003606 -0.026292 0.596537
-0.691777 0.657357 -0.298878 0.721934 0.638788 -0.266011 0.016056 -0.399790 -0.916466 -0.003625 -0.023987 0.595940
-0.691465 0.662809 -0.287333 0.722211 0.643565 -0.253448 0.016931 -0.382767 -0.923690 -0.003702 -0.021811 0.595721
-0.691878 0.668495 -0.272800 0.721845 0.648625 -0.241300 0.015636 -0.363870 -0.931319 -0.003670 -0.019864 0.595226
-0.691590 0.673610 -0.260678 0.722105 0.652982 -0.228425 0.016349 -0.346214 -0.938013 -0.003804 -0.017946 0.595248
-0.691568 0.678684 -0.247226 0.722140 0.657099 -0.216183 0.015733 -0.328037 -0.944533 -0.003737 -0.016192 0.595461
-0.691567 0.683417 -0.233828 0.722142 0.661201 -0.203285 0.015678 -0.309443 -0.950789 -0.003725 -0.015302 0.595751
-0.691984 0.687349 -0.220706 0.721754 0.665137 -0.191478 0.015189 -0.291794 -0.956360 -0.003536 -0.013954 0.596541
-0.691223 0.692110 -0.207832 0.722466 0.668205 -0.177611 0.015947 -0.272920 -0.961904 -0.003772 -0.013138 0.596679
-0.690662 0.696415 -0.194921 0.722986 0.671146 -0.163878 0.016693 -0.254109 -0.967032 -0.004055 -0.012444 0.597213
-0.690642 0.700108 -0.181284 0.723000 0.674259 -0.150481 0.016880 -0.234997 -0.971850 -0.004185 -0.012456 0.598095
-0.690619 0.703644 -0.167117 0.723028 0.677046 -0.137252 0.016569 -0.215620 -0.976336 -0.004331 -0.012599 0.598780
-0.690723 0.706626 -0.153563 0.722930 0.679645 -0.124315 0.016525 -0.196882 -0.980288 -0.004281 -0.012794 0.599978
-0.690678 0.709422 -0.140299 0.722968 0.681856 -0.111307 0.016700 -0.178310 -0.983833 -0.004348 -0.013213 0.601198
-0.690682 0.711955 -0.126802 0.722965 0.683859 -0.098287 0.016738 -0.159557 -0.987047 -0.004318 -0.013877 0.602700
-0.690645 0.714391 -0.112496 0.723003 0.685636 -0.084681 0.016636 -0.139818 -0.990037 -0.004217 -0.015449 0.603709
-0.690735 0.716250 -0.099355 0.722915 0.687176 -0.071995 0.016708 -0.121553 -0.992445 -0.004074 -0.016411 0.605246
-0.690599 0.718159 -0.085571 0.723047 0.688292 -0.058804 0.016666 -0.102481 -0.994595 -0.004136 -0.018066 0.606516
-0.690491 0.719830 -0.071183 0.723149 0.689222 -0.045034 0.016645 -0.082571 -0.996447 -0.004149 -0.020087 0.607691
-0.690043 0.721522 -0.056988 0.723572 0.689546 -0.031136 0.016830 -0.062720 -0.997889 -0.004273 -0.022576 0.608785
-0.690099 0.722427 -0.043164 0.723523 0.690061 -0.018157 0.016669 -0.043761 -0.998903 -0.004159 -0.024961 0.610020
-0.690303 0.722910 -0.029732 0.723335 0.690476 -0.005635 0.016455 -0.025397 -0.999542 -0.003840 -0.027366 0.611827
-0.689787 0.723828 -0.016314 0.723823 0.689946 0.007311 0.016548 -0.006766 -0.999840 -0.003924 -0.030446 0.611953
-0.689948 0.723816 -0.007829 0.723667 0.689974 0.015563 0.016668 0.005073 -0.999848 -0.003798 -0.032661 0.612980
-0.689771 0.724021 -0.003111 0.723845 0.689686 0.019535 0.016290 0.011223 -0.999805 -0.003832 -0.034000 0.612907
-0.689911 0.723891 -0.002222 0.723714 0.689804 0.020221 0.016170 0.012342 -0.999793 -0.003817 -0.034623 0.612908
-0.689624 0.724163 -0.002401 0.723981 0.689520 0.020327 0.016374 0.012280 -0.999791 -0.003875 -0.034554 0.612945
